-3035 -8665
4210 -4921
1391 360
4250 6783
7004 -7983
3478 7540
-9094 5006
-1887 813
8566 -1172
-720 -6595
-438 -2999
5574 -7421
8527 3726
2928 2691
633 6728
5901 -7048
-2266 -7848
-4020 443
9737 -2911
5111 1996
-1424 6429
-533 -3865
8520 -6736
7053 6754
5547 -4233
-222 -6545
1224 -8291
-1596 6417
-5287 -8725
5129 -7490
5104 797
-822 -5596
-5196 -1538
-9929 -4507
-4918 -5640
1027 2981
-380 -7144
6982 3202
8771 -1371
9239 3681
-4705 -5983
7912 7986
7427 -2183
6485 522
-3403 -2834
-1904 7877
-361 -7397
4334 -1432
639 -1997
-6 -8390
7584 -9286
5083 6718
2762 2371
-3400 1183
-7171 6670
363 2435
-9058 8171
5918 8368
-7497 -7274
-9262 8747
-2808 -4442
9964 3116
-3448 8235
-430 5653
-8465 385
7917 -1272
8942 -2026
1142 -1818
-1064 -7260
-4254 7947
3067 7231
-7458 5624
3952 2946
3447 -4805
-481 4408
-953 -3644
-2845 -8925
-7848 793
-8084 -8693
6004 6930
-8604 5393
-8183 -6519
6783 -6828
3652 -212
5309 -7525
-3697 -8398
710 -825
-9806 -8905
-3320 1787
-7976 -2610
4249 -6993
-2611 4820
-6869 -8872
-826 375
1995 6297
-2143 600
-600 4576
9377 -3454
-9410 1303
-7771 -4489
6464 3047
3481 3590
381 -4817
-4215 -4356
-1115 -3026
4014 9849
-8710 250
1586 -7552
-7106 7245
-101 -8713
8874 -5397
-8587 -4886
-6802 -4450
-9951 -4311
9661 1543
-3131 -3615
-8266 -8546
1716 653
-7321 9547
-9132 9236
30 -4707
9417 -7808
-3749 -1174
-5673 -8862
9600 -2087
5445 3608
5332 6180
4977 1979
-6252 -6870
5344 -2890
5031 7409
5896 7601
1118 9438
2264 -1700
-4724 -86
-9563 5510
5190 -9794
-4160 -4822
-2330 1586
8140 3383
-6396 8047
6828 -6819
236 -1134
-2369 -944
7574 7040
7492 -1128
-8747 1553
2338 9418
-8833 -622
-5846 3176
-6474 -2842
3659 4995
6641 4750
7212 693
2486 -4554
-2208 -2000
-1728 5791
8532 -5155
-1894 -9779
-2209 8227
496 3105
-5616 1420
-1454 2030
-2965 4841
4431 6176
-3749 -2867
-3488 6081
7783 -1132
-2976 9829
7862 -6880
-1388 1715
710 -6291
8726 7192
111 -697
1623 9550
4412 7361
295 6864
2921 9624
6839 -5411
6 -9835
8942 3000
6106 -4974
-9651 -3780
-6947 -1490
7469 -599
-5814 7009
-2554 6542
-5207 8517
-1279 -8046
-1056 2347
-8959 -6900
-8054 5668
3602 8827
7153 -971
-630 9283
-8781 -9931
2587 -3860
-4636 3954
6513 4183
9292 7831
-4168 -6360
6343 2438
1524 -100
3305 -935
-4407 7157
-2977 -3139
-184 6941
-6205 6733
1637 -3129
4089 -514
6909 -2346
809 -4906
4411 1525
2102 -4264
-9800 -2904
-1817 928
7923 -8923
1345 4618
-7776 1350
3878 -5798
9527 2810
9264 -6298
7721 8516
-4527 1288
1151 -6425
-2966 -5166
3860 8622
5764 9834
-8190 -5401
5677 8122
71 3159
-4603 -1313
-2549 -9452
-8863 -8507
-4158 -4379
748 -3002
-5589 6433
-954 2625
5838 -8298
-8498 8795
-5603 7
-2509 -556
794 3753
-5590 5675
3876 6576
8599 5979
4225 -5473
-3412 9854
4479 -2375
8628 -5260
1945 -1298
-9215 4132
-9001 7222
8123 -9030
-9792 9452
-3396 -2957
-4314 -9105
2910 191
4957 3643
1366 -6408
-129 3152
6930 5001
9781 -5393
5044 -1570
1972 -9120
-2628 2897
-959 5168
9928 1188
-4756 -4129
-1293 964
-2801 -4992
405 1203
-2816 -2854
6318 -4966
-3661 -8644
-8411 -1596
1871 -8436
678 2575
5213 -3983
8941 7032
6384 -326
1723 2475
1459 -4456
1563 4051
5293 -6967
1070 3396
8241 7139
-9262 9935
6300 -7953
-3233 4972
-1850 -3350
9170 -6756
2819 -7564
-9686 -2670
-8325 1470
2839 2002
7021 -2743
5080 2308
1864 -2802
-5704 5239
-5048 7513
3064 6478
-504 5634
-9755 -4564
-7836 7466
-430 -7948
-9341 4447
6026 -4500
8451 3910
-6604 5728
5296 7708
4817 -2144
911 -7572
4103 -5278
661 -7726
6074 9343
-3663 7149
-3877 2887
-2810 -5151
-9529 -2912
-7589 5568
-8923 1447
527 -5586
8479 7777
-6389 5479
8299 9134
-1980 7621
319 -8844
-8132 5581
7819 2302
-7534 -7848
-3668 -9957
8034 4850
72 1967
-8552 687
1201 4015
3810 -8699
8398 -5684
-7459 -3052
339 -3815
-4668 1231
5418 6490
-1217 -1156
-9511 5871
-6305 -5951
-3956 -810
2495 9644
7826 2918
9447 6335
9500 -7321
1956 -8045
-4146 -6304
3311 2350
2955 -7104
-9570 9968
-1537 9718
-5091 -1485
7066 6319
-1524 6482
459 -9255
4219 3857
-197 4697
-7860 -7538
2355 9456
-100 -4031
-8778 586
7350 5206
-7791 6309
4379 -7203
5735 -8874
8879 -973
-2102 -7757
2251 4605
4327 -5430
7292 6713
-6140 -5987
-6813 -4506
-3052 7277
-9588 8763
741 -1979
2494 8723
-9424 8761
2816 4842
-4719 -7174
-2259 -6536
-7561 -5994
-5307 4316
-8822 -4247
-5054 -4777
-600 6077
9817 9354
-9304 3553
6058 7462
2766 7167
-7303 -4146
-1062 1785
-9068 971
-5925 4215
-6996 7462
3408 -4475
531 -8529
1574 -5140
7412 -5026
-4389 2206
-1385 -6140
4150 -7283
2761 1536
-9508 8873
9125 -7214
7277 8297
-855 -5756
4664 -8150
-8025 7354
-6509 5314
-130 8833
-9569 -2488
-5503 -6054
8049 9405
-3965 -9387
-409 -3122
-1423 -899
2280 -7179
5679 3298
4217 7626
4290 421
-1817 -3435
-463 2932
8589 4445
-6753 4717
1249 -6335
-936 -6746
-7538 -6679
6702 8244
2884 -8597
-9342 -620
-3334 -6406
6989 -7449
-7351 -6662
-6744 2246
7357 5933
-4664 7259
-423 3692
1300 9806
7175 2390
-8109 -7386
1891 -3740
810 -9372
-9934 -1325
7264 -676
6538 -501
-5031 -9646
-6868 5025
-7549 1916
1814 -8388
9903 -6924
-9894 8009
-4192 -150
7646 6365
-5612 9890
-5572 -5238
5900 1831
4912 -9279
3680 3898
-4728 -8919
1782 -9060
-5537 8570
6695 1509
-3790 5002
-8611 7374
5943 -738
-4584 3326
-6374 5040
-8035 4957
-7520 6113
4390 6184
-2146 4751
-263 -7084
6374 -643
-1822 8792
-5729 7459
-7332 837
4133 -7135
8400 982
1222 -9573
1923 -2742
-4031 5690
8388 -610
4310 1803
-4595 9548
2015 -6318
108 9489
9195 -7919
-1966 -9338
751 -2628
-9725 1924
5348 7703
6977 -9412
5632 5279
4316 -2308
5608 -5953
2501 3636
5922 1525
2917 4657
-8829 5838
-2345 7884
9500 6629
-3417 3342
-7127 1545
-178 -1788
-3413 4826
-4207 -5184
-9780 7353
7133 7880
466 -5619
4067 -5819
-5405 5223
-4079 3174
-1162 -904
-4275 4452
-5660 -3630
1538 -3138
-5953 -804
6997 -1051
-4498 -3446
-7651 3923
3908 -3065
-661 7610
6806 3245
2410 -3778
3900 -5084
-5768 -7613
3265 8027
-338 2554
2902 1567
-4343 3697
-4481 481
979 -5153
-1417 -7938
134 9033
3283 -4650
-1685 7674
-1467 -6595
464 -8477
-5476 420
-7502 -7179
-5848 -1957
3178 -2673
-2912 1602
-2821 -602
-8141 4991
-744 8359
-6832 1475
8586 -6991
-148 352
3606 1048
-1799 6309
-9353 -636
8440 -9139
7913 -8681
-4686 -2239
8431 6847
5004 -6494
7775 -5491
-1329 -931
-3415 5377
-3251 6068
-6526 4106
672 -9279
-249 -3330
3335 6107
7441 -7651
5446 -5680
617 -2926
5161 5326
-9443 7787
-7627 -4705
-8852 1419
9227 -9364
-7535 -2905
3261 5770
5837 8026
1512 -6474
8731 -6883
-5015 3870
-2436 6146
5568 -1332
4613 -6081
-613 9929
9483 3090
4069 -22
-4713 954
-6994 7491
4145 -241
3417 -9479
-7550 -2760
5815 5724
2234 8765
2362 3362
-7925 -4330
1764 9355
-8101 -1737
-2858 3846
-6959 -5208
1121 -2049
-9836 448
-6537 7506
-9860 -229
-4180 -6881
3428 -1098
4390 -7713
-9658 876
8035 -7990
7539 5602
-5455 8400
-314 -1521
5809 8816
5282 -5452
3216 7872
-6764 -2524
-1664 -9859
9683 -4210
3880 7326
814 6107
-3292 -9941
3506 1482
6638 -5956
-501 6728
7128 6826
-2563 -1121
-3055 1443
2616 1005
-9484 -9169
-917 4154
1431 5180
5811 4387
5006 6242
-6604 6335
4361 -1893
6442 2833
5074 7771
-9523 -4900
9140 3485
-8923 1545
-6808 861
6907 3585
12 -3931
2442 -6409
3218 8744
-7603 -1355
-714 -3882
9231 -3709
-9937 8351
3547 -4365
-1072 -6115
-1702 -4538
6661 5998
-9176 8672
2749 6411
-4157 -4327
-8621 -9471
3750 9558
2045 -6
-2329 5681
-5956 -2314
7126 -9458
-1161 6127
-5310 7215
-4568 -8686
-4757 -6565
316 7625
4549 9150
-4223 -3496
-4259 -7475
-8892 2089
-8298 -6105
-4016 -5961
4 669
-7362 1025
-7120 -7231
-9992 -6470
-8511 -8842
-8954 7279
-6767 3137
2574 -1274
-554 -5286
-3541 3735
7606 -7834
-3322 -3631
-3487 -1145
-8359 9480
5502 732
3972 8599
9307 5004
3764 -4504
6457 6809
9950 -2490
-5328 3064
9844 -1015
-3791 748
-5067 -5343
7641 5274
-1339 -7239
28 -4886
6900 8076
7271 1888
6610 -3064
-8281 -1085
6254 -2052
-5868 -8413
-4073 -6522
1548 -3547
4441 538
6230 8757
8418 5683
5955 3630
-6175 7133
4867 -7854
-5960 -3477
307 7995
-975 -101
-8414 -2435
-7100 6268
-9876 548
-7464 7867
-3517 6663
3105 -2452
-5526 -8506
2743 -5619
-7686 -216
-3861 -9795
9611 -3401
-5344 -6966
2598 1874
-1976 -3086
-3962 -1963
9966 1552
-9978 -3398
-55 -9119
-4685 6220
-5068 -7444
-9798 7635
41 3609
1088 -9466
7113 2768
-1767 -2446
5146 -9404
7667 -3312
4089 -7056
2502 3262
-9639 -1616
-4911 4363
-1109 4805
-9741 -6784
-2925 8319
-8402 4776
7705 -7586
-5368 8464
5040 3362
6830 -5287
1317 -6879
-1175 3897
-9969 1504
-9751 2874
5412 4910
7573 -4091
7162 -2171
5251 2840
7487 -6033
4464 -8753
1174 -9017
9178 -1539
-7285 -2328
-9917 -1924
-3146 -1467
-26 9161
7477 -7635
-5019 8802
5062 2557
-6890 1910
3311 -9733
-2203 -4929
8583 5594
4499 7241
4474 -4795
-2425 -2206
3179 7272
6750 1578
9655 -3858
-5524 -1102
-9440 -4988
-5574 -9896
5687 8906
-3080 -4951
-5039 8283
-1576 4905
7079 -5692
4319 3026
8217 6657
3646 7085
-844 -617
-5435 6074
-3387 -546
9190 -6863
-4509 1209
-3140 6977
7858 -4679
7883 6610
-5735 -4313
2537 9212
-7302 -8217
9564 6431
-3015 -9117
-2328 -1703
-8863 -4602
2930 -6816
-1449 -8403
7056 -930
9146 -597
8582 6090
-1947 -986
-6008 8298
-7988 2954
3273 -3644
7758 -3463
-2055 6762
6859 -8020
-4496 8812
2823 384
3324 7534
4863 -9563
-1754 -8975
8300 -612
-3386 285
-5436 5070
-5961 -2730
-8353 1180
-1033 -166
-5577 -6003
-6212 7256
-2207 7106
-5452 868
3025 9670
4800 4803
3270 517
1655 -8903
-1015 946
-6907 2359
-6758 -5525
6613 -3852
200 1198
-1308 -4887
4122 -3289
5601 -9592
-8911 4015
-497 1778
-1466 4410
-5790 906
9809 -9610
-2723 6091
-422 -5587
-4169 2833
-8501 -2298
1140 -2267
2065 -7576
1339 3437
426 -9356
-7265 -8794
7209 5872
-5317 -7189
7097 1775
-6714 3810
-4936 6066
1582 -4627
-2721 3953
3625 3587
-2965 -8671
-5939 -7953
5056 -1583
5585 3866
5093 -7453
-2973 8665
-1487 9903
9061 -4807
9312 -8510
5702 -5956
-2439 7825
2847 9522
-9798 -3264
2137 5791
-9257 4057
-3234 -3825
1154 -6060
-9143 -538
5393 -6528
5394 -66
2789 6107
-2179 6807
1662 -8422
2943 -121
-720 8269
-4039 -3171
2087 -3617
9708 6232
6129 -7536
-2943 2719
4459 9310
-5154 2989
7814 9630
-1628 -6591
-9176 7821
4603 -4102
3802 -1493
-3769 -3777
8288 602
-654 -1934
6683 -9662
-6700 -3815
5255 -4157
5507 3482
-5542 1686
7464 -5025
-5591 -9631
-8861 7171
4348 3441
253 2919
1238 4555
5631 -3800
2182 9063
-3098 2870
-6897 -2875
7442 -854
-3582 -7617
308 9003
-2280 -48
-6626 2296
-8339 2486
5230 1637
3464 4806
7324 -345
2706 9200
-7548 340
-1898 798
-3234 5348
5890 -4452
8109 -6714
-5467 -2786
-2772 -2300
-8357 4755
-7483 8678
-2423 1164
-4789 9661
-6939 -181
-4756 -7367
-8672 2196
7815 -3339
8494 -7476
-6192 -3019
-1727 -7692
8052 207
-1636 -3179
-8580 -9311
-9711 -5994
4651 2004
-8350 -9674
5778 -5187
-377 8438
6169 6035
-1665 2906
2571 3431
-3257 6442
-7533 -972
7356 -9341
7581 9674
277 -7570
9183 -4231
4090 4709
-5781 -7341
-364 -1572
1372 1241
-4916 4839
7196 4990
-2079 -9331
-3024 -9404
2927 -2579
-6942 -9932
-7892 -9798
-8175 -6362
2483 -6763
-1550 1747
-5984 -9039
-4601 2420
4196 -1794
-7037 -5361
3097 -4238
5278 -1102
-9686 -3807
-2541 -518
121 1852
-2830 9355
7000 9601